int boardvalue_pawn[64] = {
      0,   0,   0,   0,   0,   0,   0,   0, 
      0,   1,   1,  -2,  -2,   1,   1,   0, 
      0,   0,  -1,   0,   0,  -1,   0,   0, 
      0,   0,   0,   2,   2,   0,   0,   0, 
      0,   0,   1,   2,   2,   1,   0,   0, 
      1,   1,   2,   3,   3,   2,   1,   1, 
      5,   5,   5,   5,   5,   5,   5,   5, 
      0,   0,   0,   0,   0,   0,   0,   0
};

int boardvalue_knight[64] = {
     -5,  -4,  -3,  -3,  -3,  -3,  -4,  -5, 
     -4,  -2,   0,   0,   0,   0,  -2,  -4, 
     -3,   0,   1,   1,   1,   1,   0,  -3, 
     -3,   0,   1,   2,   2,   1,   0,  -3, 
     -3,   0,   1,   2,   2,   1,   0,  -3, 
     -3,   0,   1,   1,   1,   1,   0,  -3, 
     -4,  -2,   0,   0,   0,   0,  -2,  -4, 
     -5,  -4,  -3,  -3,  -3,  -3,  -4,  -5
};

int boardvalue_bishop[64] = {
     -2,  -1,  -1,  -1,  -1,  -1,  -1,  -2, 
     -1,   0,   0,   0,   0,   0,   0,  -1, 
     -1,   1,   1,   1,   1,   1,   1,  -1, 
     -1,   0,   1,   1,   1,   1,   0,  -1, 
     -1,   0,   0,   1,   1,   0,   0,  -1, 
     -1,   0,   0,   1,   1,   0,   0,  -1, 
     -1,   0,   0,   0,   0,   0,   0,  -1, 
     -2,  -1,  -1,  -1,  -1,  -1,  -1,  -2
};

int boardvalue_rook[64] = {
      0,   0,   0,   0,   0,   0,   0,   0, 
      0,   0,   0,   0,   0,   0,   0,   0, 
      0,   0,   0,   0,   0,   0,   0,   0, 
      0,   0,   0,   0,   0,   0,   0,   0, 
      0,   0,   0,   0,   0,   0,   0,   0, 
      0,   0,   0,   0,   0,   0,   0,   0, 
      0,   1,   1,   1,   1,   1,   1,   0, 
      0,   0,   0,   0,   0,   0,   0,   0
};

int boardvalue_queen[64] = {
     -2,  -1,  -1,   0,   0,  -1,  -1,  -2, 
     -1,   0,   0,   0,   0,   0,   0,  -1, 
     -1,   0,   0,   0,   0,   0,   0,  -1, 
      0,   0,   0,   0,   0,   0,   0,   0, 
      0,   0,   0,   0,   0,   0,   0,   0, 
     -1,   0,   0,   0,   0,   0,   0,  -1, 
     -1,   0,   0,   0,   0,   0,   0,  -1, 
     -2,  -1,  -1,   0,   0,  -1,  -1,  -2
};

int boardvalue_king[64] = {
      2,   3,   1,   0,   0,   1,   3,   2, 
      2,   2,   0,   0,   0,   0,   2,   2, 
     -1,  -2,  -2,  -2,  -2,  -2,  -2,  -1, 
     -2,  -3,  -3,  -4,  -4,  -3,  -3,  -2, 
     -3,  -4,  -4,  -5,  -5,  -4,  -4,  -3, 
     -3,  -4,  -4,  -5,  -5,  -4,  -4,  -3, 
     -3,  -4,  -4,  -5,  -5,  -4,  -4,  -3, 
     -3,  -4,  -4,  -5,  -5,  -4,  -4,  -3
};

